   0.030    0.000
   0.090    0.000
   0.150    0.000
   0.210    0.000
   0.270    0.000
   0.330    0.000
   0.390    0.000
   0.450    0.000
   0.510    0.000
   0.570    0.000
   0.630    0.000
   0.690    0.000
   0.750    0.000
   0.810    0.000
   0.870    0.000
   0.930    0.000
   0.990    0.000
   1.050    0.000
   1.110    0.000
   1.170    0.000
   1.230    0.000
   1.290    0.000
   1.350    0.164
   1.410    0.833
   1.470    0.003
   1.530    0.000
   1.590    0.000
   1.650    0.000
   1.710    0.000
   1.770    0.000
   1.830    0.000
   1.890    0.000
   1.950    0.000
   2.010    0.000
   2.070    0.000
   2.130    0.000
   2.190    0.000
   2.250    0.000
   2.310    0.000
   2.370    0.000
   2.430    0.000
   2.490    0.000
   2.550    0.000
   2.610    0.000
   2.670    0.000
   2.730    0.000
   2.790    0.000
   2.850    0.000
   2.910    0.000
   2.970    0.000
