   0.030    0.000
   0.090    0.000
   0.150    0.000
   0.210    0.000
   0.270    0.000
   0.330    0.000
   0.390    0.000
   0.450    0.000
   0.510    0.000
   0.570    0.006
   0.630    0.009
   0.690    0.009
   0.750    0.019
   0.810    0.023
   0.870    0.028
   0.930    0.043
   0.990    0.049
   1.050    0.074
   1.110    0.081
   1.170    0.095
   1.230    0.109
   1.290    0.127
   1.350    0.165
   1.410    0.148
   1.470    0.014
   1.530    0.001
   1.590    0.000
   1.650    0.000
   1.710    0.000
   1.770    0.000
   1.830    0.000
   1.890    0.000
   1.950    0.000
   2.010    0.000
   2.070    0.000
   2.130    0.000
   2.190    0.000
   2.250    0.000
   2.310    0.000
   2.370    0.000
   2.430    0.000
   2.490    0.000
   2.550    0.000
   2.610    0.000
   2.670    0.000
   2.730    0.000
   2.790    0.000
   2.850    0.000
   2.910    0.000
   2.970    0.000
