   0.030    0.002
   0.090    0.006
   0.150    0.009
   0.210    0.017
   0.270    0.019
   0.330    0.020
   0.390    0.025
   0.450    0.027
   0.510    0.025
   0.570    0.027
   0.630    0.029
   0.690    0.032
   0.750    0.032
   0.810    0.038
   0.870    0.043
   0.930    0.045
   0.990    0.048
   1.050    0.054
   1.110    0.056
   1.170    0.063
   1.230    0.064
   1.290    0.082
   1.350    0.117
   1.410    0.090
   1.470    0.027
   1.530    0.002
   1.590    0.000
   1.650    0.000
   1.710    0.000
   1.770    0.000
   1.830    0.000
   1.890    0.000
   1.950    0.000
   2.010    0.000
   2.070    0.000
   2.130    0.000
   2.190    0.000
   2.250    0.000
   2.310    0.000
   2.370    0.000
   2.430    0.000
   2.490    0.000
   2.550    0.000
   2.610    0.000
   2.670    0.000
   2.730    0.000
   2.790    0.000
   2.850    0.000
   2.910    0.000
   2.970    0.000
steps	time	v	<E>	std(E>)	<EK>	std<Ek>	<P>	std<P>	
  100   0.1000 -0.0000  1.0004  0.0000  0.7477  0.1842  3.6015  1.6218
