   0.030    0.002
   0.090    0.006
   0.150    0.012
   0.210    0.016
   0.270    0.026
   0.330    0.027
   0.390    0.033
   0.450    0.040
   0.510    0.037
   0.570    0.043
   0.630    0.046
   0.690    0.044
   0.750    0.044
   0.810    0.041
   0.870    0.043
   0.930    0.042
   0.990    0.041
   1.050    0.045
   1.110    0.038
   1.170    0.038
   1.230    0.038
   1.290    0.032
   1.350    0.036
   1.410    0.029
   1.470    0.029
   1.530    0.024
   1.590    0.019
   1.650    0.019
   1.710    0.016
   1.770    0.012
   1.830    0.014
   1.890    0.013
   1.950    0.010
   2.010    0.008
   2.070    0.007
   2.130    0.005
   2.190    0.005
   2.250    0.003
   2.310    0.002
   2.370    0.002
   2.430    0.003
   2.490    0.002
   2.550    0.001
   2.610    0.001
   2.670    0.001
   2.730    0.001
   2.790    0.001
   2.850    0.000
   2.910    0.000
   2.970    0.002
